9.900000000000000000e+01
1.999999376499479808e+01
1.899999449751747349e+01
1.799999590698412888e+01
1.699999854497906426e+01
1.599999966240779337e+01
1.499999582764515793e+01
1.399999775254838141e+01
1.299999773235909828e+01
1.199999899389281310e+01
1.099999666881367588e+01
9.999996876138675717e+00
8.999997083954193400e+00
8.775059828900193537e+00
8.560014022864757877e+00
8.354231268988398185e+00
8.157116516824302721e+00
7.999998555759011865e+00
7.816325497915868503e+00
7.639997784767275313e+00
7.470588083474099861e+00
7.307689922153767448e+00
7.150943017495935194e+00
6.999998452153107564e+00
6.859647290199600178e+00
6.724137856236602317e+00
6.593218252508322053e+00
6.466665587116152913e+00
6.344261901069041976e+00
6.225804362523263080e+00
6.111110376142228517e+00
5.999999423469946080e+00
5.885243903626979467e+00
5.774193085528866121e+00
5.666665841343848875e+00
5.562498126353698780e+00
5.461538108113179746e+00
5.363635581231573468e+00
5.268654877188415853e+00
5.176470105117581433e+00
5.086956013858663361e+00
4.999998250168522951e+00
4.915492118603524752e+00
4.833333210023055493e+00
4.753423189421446260e+00
4.675674359270577618e+00
4.599999942058523139e+00
4.526314942696586741e+00
4.454543875188247348e+00
4.384614716014017866e+00
4.316455588780015340e+00
4.249998781439308537e+00
4.185183800081832217e+00
4.121950931827695896e+00
4.060240641117264460e+00
3.999998683677910449e+00
3.943818978649650475e+00
3.888888601893414787e+00
3.835164610617218806e+00
3.782607561509424343e+00
3.731181484694459538e+00
3.680850529038989460e+00
3.631578918316117566e+00
3.583332548150084396e+00
3.536081162822313662e+00
3.489794996124170989e+00
3.444444342725843100e+00
3.399999713878675944e+00
3.356434581941839745e+00
3.313724264747606618e+00
3.271844047241755149e+00
3.230769233730399037e+00
3.190475734002898633e+00
3.150942300326896373e+00
3.112148411967165629e+00
3.074073566124781998e+00
3.036697243706291349e+00
2.999999570133555782e+00
2.963301715650444201e+00
2.927271631427872833e+00
2.891891347542832502e+00
2.857142848363685150e+00
2.823008529044981341e+00
2.789472773092006808e+00
2.756520648394150008e+00
2.724137223430719068e+00
2.692307580313968440e+00
2.661016833037802343e+00
2.630251439701791760e+00
2.599998967159079299e+00
2.570247018998866206e+00
2.540983211348675219e+00
2.512195122518231294e+00
2.483870683920750277e+00
2.455999214796808161e+00
2.428570423413148216e+00
2.401574029622275397e+00
2.374999718384976255e+00
2.348837210089510297e+00
2.323076606432497915e+00
2.297709155269779924e+00
2.272726312236242663e+00
2.248119543516906127e+00
2.223880283489475751e+00
2.199999998499583942e+00
2.176470364218181963e+00
2.153284022072389003e+00
2.130433888172694079e+00
2.107912849097102193e+00
2.085713821106961685e+00
2.063829710520246330e+00
2.042253455170869092e+00
2.020978599201779247e+00
1.999999242708534020e+00
1.979590971466777871e+00
1.959458770846463249e+00
1.939596990275395560e+00
1.919999979181377991e+00
1.900662153226199136e+00
1.881578513397161423e+00
1.862744365852541994e+00
1.844155011298828750e+00
1.825805774814268867e+00
1.807691956999154970e+00
1.789808866649180263e+00
1.772151839957092356e+00
1.754716638097966630e+00
1.737499357266723665e+00
1.720496102743131139e+00
1.703702979806959616e+00
1.687116093737977218e+00
1.670731549815954287e+00
1.654545453417592960e+00
1.638554054551108363e+00
1.622754038281978506e+00
1.607142171145045761e+00
1.591715219675150728e+00
1.576469950407134668e+00
1.561403129875839957e+00
1.546511524616107192e+00
1.531791902488264689e+00
1.517241202100180431e+00
1.502856699402511653e+00
1.488635709915678396e+00
1.474575549160100918e+00
1.460673532656196816e+00
1.446926975924387682e+00
1.433333194485091333e+00
1.419889503859160795e+00
1.406593299671095254e+00
1.393442281253007842e+00
1.380434219902789916e+00
1.367566886918331504e+00
1.354838053597524627e+00
1.342245491238259758e+00
1.329786971138427587e+00
1.317460264595919917e+00
1.305263146952580833e+00
1.293193550521695157e+00
1.281249611390827603e+00
1.269429479252334181e+00
1.257731303798568900e+00
1.246153234721887326e+00
1.234693421714643913e+00
1.223350014469194225e+00
1.212121157784472825e+00
1.201005013890973805e+00
1.189999854748070351e+00
1.179104131250015675e+00
1.168316307238896012e+00
1.157634846556798269e+00
1.147058213045808905e+00
1.136584870548014381e+00
1.126213282905501156e+00
1.115941913960356136e+00
1.105769227554666667e+00
1.095693720777320079e+00
1.085714062767817456e+00
1.075828978153716697e+00
1.066037191589731759e+00
1.056337427730574818e+00
1.046728411230959166e+00
1.037208866745597646e+00
1.027777518929203993e+00
1.018433092436489495e+00
1.009174311922177436e+00
9.999999388233139497e-01
9.892434108036558538e-01
9.801788290342570154e-01
9.711965218192788463e-01
9.622954128280144515e-01
9.534744101861950538e-01
9.447324336409950174e-01
9.360684028022234759e-01
9.274812260016620513e-01
9.189698265651849995e-01
9.105331335014538174e-01
9.021702105606290711e-01
8.938801503437212581e-01
8.856620564300992093e-01
8.775150322740364883e-01
8.694381707242591073e-01
8.614305787306097972e-01
8.534913492630004095e-01
8.456195857454077425e-01
8.378143914845354034e-01
8.300748596424316617e-01
8.224001294532444772e-01
8.147894275482864268e-01
8.072420132883114663e-01
7.997571328593342521e-01
7.923340423002720456e-01
7.849719975426370233e-01
7.776702449335530787e-01
7.704280435652584025e-01
7.632446398890350148e-01
7.561192898103548110e-01
7.490512491337794065e-01
7.420397746315966492e-01
7.350842145902153346e-01
7.281839423661047306e-01
7.213383435731670623e-01
7.145467918780581407e-01
7.078086698835721613e-01
7.011233600996288340e-01
6.944902363321945327e-01
6.879086839629870997e-01
6.813780768881511074e-01
6.748978004003041153e-01
6.684672284836126188e-01
6.620857582902134331e-01
6.557528567715760204e-01
6.494680033668462915e-01
6.432306884851758388e-01
6.370403916520808174e-01
6.308966005346996475e-01
6.247988027193311922e-01
6.187464778527502762e-01
6.127391161420119303e-01
6.067761973124911057e-01
6.008572114935379904e-01
5.949816384873368724e-01
5.891489680939651086e-01
5.833587339940128347e-01
5.776105021134338990e-01
5.719038498421782357e-01
5.662383446142161825e-01
5.606135613120633021e-01
5.550290747474502240e-01
5.494844524605249081e-01
5.439792716642750658e-01
5.385130999677748553e-01
5.330855145158290842e-01
5.276960829849515200e-01
5.223443801357356975e-01
5.170299826003901256e-01
5.117524967927088442e-01
5.065115711378774810e-01
5.013068460739371623e-01
4.961379688792524889e-01
4.910045867698759059e-01
4.859063402773168838e-01
4.808428788258606867e-01
4.758138430077863967e-01
4.708188821872265062e-01
4.658576370159962510e-01
4.609297546650332200e-01
4.560348822472822250e-01
4.511726605015475844e-01
4.463427467021242045e-01
4.415448295908502296e-01
4.367786186038430385e-01
4.320438148682136381e-01
4.273401257314880519e-01
4.226672584871075111e-01
4.180249143433104053e-01
4.134128026045939541e-01
4.088306245320003085e-01
4.042780874057699259e-01
3.997548984546197004e-01
3.952607590168767948e-01
3.907953782682301869e-01
3.863584575972500157e-01
3.819497086021124144e-01
3.775688639179155537e-01
3.732156804588483978e-01
3.688899153994663616e-01
3.645913202808843678e-01
3.603196541400113251e-01
3.560746685649808230e-01
3.518561207185936235e-01
3.476637677176950270e-01
3.434973612193524262e-01
3.393566601455852427e-01
3.352414161983529040e-01
3.311513882552088450e-01
3.270863280621530977e-01
3.230459927026811395e-01
3.190301418632438546e-01
3.150385550147654090e-01
3.110710323604028993e-01
3.071273673290803030e-01
3.032073602256553091e-01
2.993108045203489165e-01
2.954374987989030754e-01
2.915872416066451756e-01
2.877598264744175571e-01
2.839550536060422292e-01
2.801727165718936874e-01
2.764126139074158939e-01
2.726745441094046707e-01
2.689583008062079172e-01
2.652636841050249328e-01
2.615904876741728668e-01
2.579385186498516780e-01
2.543076005460587763e-01
2.506975662109304226e-01
2.471082484563014714e-01
2.435394754191920474e-01
2.399910814579991336e-01
2.364628947453106533e-01
2.329547480840696849e-01
2.294664742423845327e-01
2.259979014450948231e-01
2.225488639635114785e-01
2.191191900565754025e-01
2.157087139617893112e-01
2.123172639716091326e-01
2.089446728287873423e-01
2.055907732432943891e-01
2.022553950420287183e-01
1.989383906420158499e-01
1.956396172735668515e-01
1.923589380836246421e-01
1.890962105006807337e-01
1.858512962340809205e-01
1.826240569622072374e-01
1.794143501599972379e-01
1.762220388969837626e-01
1.730469806784607489e-01
1.698890371752211081e-01
1.667480700283082151e-01
1.636239367876405892e-01
1.605165004483767588e-01
1.574256185895782090e-01
1.543511541775035856e-01
1.512929648198710342e-01
1.482509125913465675e-01
1.452248702224634702e-01
1.422147173053379954e-01
1.392203391574989846e-01
1.362416158777152719e-01
1.332784314718691576e-01
1.303306699188322426e-01
1.273982113578895903e-01
1.244809410390431414e-01
1.215787391280787472e-01
1.186914908487018971e-01
1.158190763927908623e-01
1.129613797194948810e-01
1.101182847623798228e-01
1.072896717516987897e-01
1.044754258471994462e-01
1.016754273042084628e-01
9.888956005002351446e-02
9.611770849317920196e-02
9.335976512688673457e-02
9.061563898017184482e-02
8.788523481270545112e-02
8.516846214226678202e-02
8.246522575230080809e-02
7.977543397099880196e-02
7.709899510318241056e-02
7.443581396735161892e-02
7.178580002286036321e-02
6.914885811117493786e-02
6.652489766884427114e-02
6.391382355997843323e-02
6.131554407229515558e-02
5.872996747127175871e-02
5.615699865437909222e-02
5.359654700256493570e-02
5.104851743513685175e-02
4.851281821211297918e-02
4.598935757207843478e-02
4.347804046649021009e-02
4.097877622271350884e-02
3.849146981323509770e-02
3.601603054455175534e-02
3.355236340985735116e-02
3.110037663208573347e-02
2.865997841386698497e-02
2.623107377885017938e-02
2.381357198277364584e-02
2.140737806918598107e-02
1.901240023574265331e-02
1.662854666060278874e-02
1.425572241655953011e-02
1.189383671061028727e-02
9.542794634641279042e-03
7.202505376718485071e-03
7.129975097498142574e-03
7.057456116234147453e-03
6.984947415462706803e-03
6.912447978295374780e-03
6.839959830301899774e-03
6.767481954449980526e-03
6.695013334282437327e-03
6.622555994506717884e-03
6.550108918521783605e-03
6.477672103544015667e-03
6.405244533690069610e-03
6.332828232519242991e-03
6.260422184004701962e-03
6.188025372693316956e-03
6.115639821283833447e-03
6.043264514179755645e-03
5.970898436357927747e-03
5.898543609656913510e-03
5.826199018910533517e-03
5.753863649525035005e-03
5.681539522479951004e-03
5.609225623038506872e-03
5.536921948416975367e-03
5.464627484594080688e-03
5.392344251404806998e-03
5.320071234684677942e-03
5.247807420840772119e-03
5.175554828850906057e-03
5.103312444979302143e-03
5.031079256061497459e-03
4.958857280218163452e-03
4.886645504142318394e-03
4.814442915097388864e-03
4.742251530348046140e-03
4.670070337015086101e-03
4.597899332315121511e-03
4.525737504081689747e-03
4.453586868439077424e-03
4.381446413078461839e-03
4.309315126260565565e-03
4.237195023255421050e-03
4.165085092181395124e-03
4.092984321726029530e-03
4.020894726305590874e-03
3.948815294465388322e-03
3.876746023421805652e-03
3.804685902431057757e-03
3.732636944771802572e-03
3.660598139558397107e-03
3.588568476472952986e-03
3.516549967942106131e-03
3.444541603506002300e-03
3.372542373272750024e-03
3.300554288817433325e-03
3.228576340106091222e-03
3.156607517671803070e-03
3.084649832239255447e-03
3.012702274199799499e-03
2.940764840769819876e-03
2.868836523048930165e-03
2.796919330628595823e-03
2.725012254466856621e-03
2.653114286087926606e-03
2.581227434233951054e-03
2.509350690287575833e-03
2.437483046197379960e-03
2.365626509856999082e-03
2.293780073073447504e-03
2.221942728218760221e-03
2.150116482339209465e-03
2.078300327665606826e-03
2.006494261414336951e-03
1.934697276521942042e-03
1.862911378905523357e-03
1.791135561360555602e-03
1.719368817246664420e-03
1.647613151634555202e-03
1.575867557743125882e-03
1.504131029354513309e-03
1.432405570694172351e-03
1.360690175403517568e-03
1.288984840698823020e-03
1.217288560925509780e-03
1.145603339182865634e-03
1.073928169675411127e-03
1.002262047170036398e-03
9.306069739226397472e-04
8.589619445595497076e-04
7.873259542692226300e-04
7.157010044641977939e-04
6.440860901927087561e-04
5.724802070642033428e-04
5.008853556490092248e-04
4.293005314162462666e-04
3.577257315825220279e-04
2.861599523182099358e-04
2.146051930716313103e-04
1.430604498730981135e-04
7.152471931326912001e-05
0.000000000000000000e+00
