9.900000000000000000e+01
1.900000000000000000e+01
1.500000000000000000e+01
1.460591130000000071e+01
1.423076919999999923e+01
1.387323939999999922e+01
1.353211010000000059e+01
1.320627799999999930e+01
1.289473680000000044e+01
1.259656649999999978e+01
1.231092439999999932e+01
1.203703699999999976e+01
1.177419350000000087e+01
1.152173909999999957e+01
1.127906980000000026e+01
1.104562740000000076e+01
1.082089550000000067e+01
1.060439560000000014e+01
1.039568350000000052e+01
1.019434629999999942e+01
1.000000000000000000e+01
9.819672100000000015e+00
9.645161299999999827e+00
9.476190499999999517e+00
9.312500000000000000e+00
9.153846200000000266e+00
9.000000000000000000e+00
8.843750000000000000e+00
8.692307700000000636e+00
8.545454499999999953e+00
8.402985100000000429e+00
8.264705899999999161e+00
8.130434799999999740e+00
8.000000000000000000e+00
7.861538499999999985e+00
7.727272700000000327e+00
7.597014899999999571e+00
7.470588199999999901e+00
7.347826099999999805e+00
7.228571399999999869e+00
7.112676099999999835e+00
7.000000000000000000e+00
6.897435899999999620e+00
6.797468399999999633e+00
6.700000000000000178e+00
6.604938299999999707e+00
6.512195099999999570e+00
6.421686700000000414e+00
6.333333299999999610e+00
6.247058799999999579e+00
6.162790700000000399e+00
6.080459799999999859e+00
6.000000000000000000e+00
5.923076899999999867e+00
5.847826099999999805e+00
5.774193499999999979e+00
5.702127700000000132e+00
5.631578900000000054e+00
5.562500000000000000e+00
5.494845399999999991e+00
5.428571400000000047e+00
5.363636399999999860e+00
5.299999999999999822e+00
5.237623799999999719e+00
5.176470600000000033e+00
5.116504899999999800e+00
5.057692300000000252e+00
5.000000000000000000e+00
4.943396199999999574e+00
4.887850499999999876e+00
4.833333299999999610e+00
4.779816499999999913e+00
4.727272700000000327e+00
4.675675700000000212e+00
4.625000000000000000e+00
4.575221199999999655e+00
4.526315799999999889e+00
4.478260900000000433e+00
4.431034499999999987e+00
4.384615400000000385e+00
4.338983100000000093e+00
4.294117599999999868e+00
4.250000000000000000e+00
4.206611599999999562e+00
4.163934399999999592e+00
4.121951199999999815e+00
4.080645200000000195e+00
4.040000000000000036e+00
4.000000000000000000e+00
3.961240300000000047e+00
3.923076899999999867e+00
3.885496199999999956e+00
3.848484800000000039e+00
3.812030099999999866e+00
3.776119399999999793e+00
3.740740699999999919e+00
3.705882400000000132e+00
3.671532800000000041e+00
3.637681199999999837e+00
3.604316499999999923e+00
3.571428599999999953e+00
3.539007100000000072e+00
3.507042300000000168e+00
3.475524500000000128e+00
3.444444400000000073e+00
3.413793099999999914e+00
3.383561600000000169e+00
3.353741499999999931e+00
3.324324299999999788e+00
3.295301999999999953e+00
3.266666700000000034e+00
3.238410599999999917e+00
3.210526300000000166e+00
3.183006499999999850e+00
3.155844200000000210e+00
3.129032299999999989e+00
3.102564099999999936e+00
3.076433100000000032e+00
3.050632900000000092e+00
3.025157200000000213e+00
3.000000000000000000e+00
2.974522299999999841e+00
2.949367099999999908e+00
2.924528299999999970e+00
2.899999999999999911e+00
2.875776399999999899e+00
2.851851900000000217e+00
2.828220899999999816e+00
2.804877999999999982e+00
2.781818200000000019e+00
2.759036099999999880e+00
2.736526899999999873e+00
2.714285700000000023e+00
2.692307700000000192e+00
2.670588200000000079e+00
2.649122800000000222e+00
2.627906999999999993e+00
2.606936399999999932e+00
2.586206900000000086e+00
2.565714299999999781e+00
2.545454499999999953e+00
2.525423700000000160e+00
2.505618000000000123e+00
2.486033500000000007e+00
2.466666700000000212e+00
2.447513799999999851e+00
2.428571400000000047e+00
2.409836100000000148e+00
2.391304299999999827e+00
2.372972999999999999e+00
2.354838700000000173e+00
2.336898399999999931e+00
2.319148900000000069e+00
2.301587300000000003e+00
2.284210499999999922e+00
2.267015699999999967e+00
2.250000000000000000e+00
2.233160600000000162e+00
2.216494799999999987e+00
2.200000000000000178e+00
2.183673499999999823e+00
2.167512700000000070e+00
2.151515199999999961e+00
2.135678400000000199e+00
2.120000000000000107e+00
2.104477600000000059e+00
2.089108899999999824e+00
2.073891600000000057e+00
2.058823499999999918e+00
2.043902399999999897e+00
2.029126199999999880e+00
2.014492800000000194e+00
2.000000000000000000e+00
1.985781999999999936e+00
1.971698100000000009e+00
1.957746500000000056e+00
1.943925200000000020e+00
1.930232600000000076e+00
1.916666699999999945e+00
1.903225799999999968e+00
1.889908300000000096e+00
1.876712300000000111e+00
1.863636400000000082e+00
1.850678700000000010e+00
1.837837799999999966e+00
1.825112099999999904e+00
1.812500000000000000e+00
1.800000000000000044e+00
1.787610600000000050e+00
1.775330400000000086e+00
1.763157899999999945e+00
1.751091699999999918e+00
1.739130400000000076e+00
1.727272700000000105e+00
1.715517200000000075e+00
1.703862699999999952e+00
1.692307699999999970e+00
1.680851099999999931e+00
1.669491499999999906e+00
1.658227799999999919e+00
1.647058799999999934e+00
1.635983299999999918e+00
1.625000000000000000e+00
1.614107900000000040e+00
1.603305800000000003e+00
1.592592599999999914e+00
1.581967200000000018e+00
1.571428599999999953e+00
1.560975599999999908e+00
1.550607300000000022e+00
1.540322600000000097e+00
1.530120499999999995e+00
1.520000000000000018e+00
1.509960200000000086e+00
1.500000000000000000e+00
1.490118599999999960e+00
1.480315000000000047e+00
1.470588199999999901e+00
1.460937500000000000e+00
1.451361899999999983e+00
1.441860499999999989e+00
1.432432399999999939e+00
1.423076900000000089e+00
1.413793099999999914e+00
1.404580200000000056e+00
1.395437299999999992e+00
1.386363599999999918e+00
1.377358499999999930e+00
1.368421099999999946e+00
1.359550599999999942e+00
1.350746299999999955e+00
1.342007399999999961e+00
1.333333300000000055e+00
1.324723199999999990e+00
1.316176500000000082e+00
1.307692300000000030e+00
1.299270099999999983e+00
1.290909099999999921e+00
1.282608699999999935e+00
1.274368200000000062e+00
1.266187100000000010e+00
1.258064499999999919e+00
1.250000000000000000e+00
1.241992900000000066e+00
1.234042599999999990e+00
1.226148400000000027e+00
1.218309899999999946e+00
1.210526299999999944e+00
1.202797200000000011e+00
1.195122000000000018e+00
1.187500000000000000e+00
1.179930799999999946e+00
1.172413799999999950e+00
1.164948499999999942e+00
1.157534199999999958e+00
1.150170600000000043e+00
1.142857100000000070e+00
1.135593199999999969e+00
1.128378399999999893e+00
1.121212099999999934e+00
1.114093999999999918e+00
1.107023400000000102e+00
1.100000000000000089e+00
1.093023300000000031e+00
1.086092700000000022e+00
1.079207900000000109e+00
1.072368399999999999e+00
1.065573799999999904e+00
1.058823499999999918e+00
1.052117299999999922e+00
1.045454499999999953e+00
1.038834999999999953e+00
1.032258099999999956e+00
1.025723500000000010e+00
1.019230800000000103e+00
1.012779600000000002e+00
1.006369400000000081e+00
1.000000000000000000e+00
9.936507999999999452e-01
9.873418000000000472e-01
9.810725999999999614e-01
9.748428000000000093e-01
9.686519999999999575e-01
9.625000000000000222e-01
9.563863000000000225e-01
9.503106000000000053e-01
9.442724000000000117e-01
9.382715999999999834e-01
9.323076999999999614e-01
9.263803999999999927e-01
9.204892999999999548e-01
9.146341000000000054e-01
9.088146000000000280e-01
9.030302999999999525e-01
8.972809999999999953e-01
8.915663000000000338e-01
8.858859000000000039e-01
8.802394999999999525e-01
8.746268999999999849e-01
8.690476000000000312e-01
8.635015000000000329e-01
8.579881999999999787e-01
8.525074000000000263e-01
8.470588000000000006e-01
8.416422000000000070e-01
8.362572999999999812e-01
8.309037999999999702e-01
8.255814000000000208e-01
8.202899000000000163e-01
8.150288999999999451e-01
8.097982999999999709e-01
8.045976999999999713e-01
7.994269000000000513e-01
7.942856999999999834e-01
7.891738000000000364e-01
7.840909000000000351e-01
7.790367999999999737e-01
7.740112999999999577e-01
7.690141000000000338e-01
7.640449000000000268e-01
7.591035999999999895e-01
7.541898999999999686e-01
7.493035999999999586e-01
7.444444000000000061e-01
7.396122000000000529e-01
7.348065999999999764e-01
7.300275000000000514e-01
7.252747000000000499e-01
7.205479000000000189e-01
7.158470000000000111e-01
7.111716999999999622e-01
7.065217000000000303e-01
7.018969999999999931e-01
6.972973000000000088e-01
6.927223999999999604e-01
6.881720000000000059e-01
6.836461000000000343e-01
6.791443999999999814e-01
6.746666999999999526e-01
6.702128000000000529e-01
6.657825000000000548e-01
6.613757000000000108e-01
6.569920999999999678e-01
6.526315999999999784e-01
6.482940000000000369e-01
6.439791000000000265e-01
6.396867000000000525e-01
6.354166999999999454e-01
6.311687999999999743e-01
6.269430000000000280e-01
6.227390000000000425e-01
6.185566999999999593e-01
6.143958999999999948e-01
6.102564000000000322e-01
6.061381000000000130e-01
6.020408000000000426e-01
5.979643999999999515e-01
5.939086000000000087e-01
5.898733999999999922e-01
5.858586000000000071e-01
5.818640000000000478e-01
5.778893999999999975e-01
5.739347999999999672e-01
5.699999999999999512e-01
5.660848000000000546e-01
5.621890999999999972e-01
5.583126999999999951e-01
5.544554000000000427e-01
5.506172999999999762e-01
5.467980000000000063e-01
5.429975000000000218e-01
5.392156999999999645e-01
5.354522999999999922e-01
5.317072999999999938e-01
5.279804999999999637e-01
5.242717999999999545e-01
5.205811000000000188e-01
5.169082000000000399e-01
5.132529999999999593e-01
5.096154000000000517e-01
5.059951999999999783e-01
5.023923000000000139e-01
4.988066999999999918e-01
4.952381000000000144e-01
4.916865000000000263e-01
4.881517000000000217e-01
4.846335999999999977e-01
4.811321000000000070e-01
4.776470999999999911e-01
4.741783999999999999e-01
4.707259999999999778e-01
4.672896999999999745e-01
4.638694999999999902e-01
4.604651000000000161e-01
4.570765999999999996e-01
4.537036999999999876e-01
4.503463999999999801e-01
4.470045999999999742e-01
4.436782000000000226e-01
4.403670000000000084e-01
4.370708999999999844e-01
4.337900000000000089e-01
4.305239000000000149e-01
4.272727000000000053e-01
4.240362999999999771e-01
4.208144999999999802e-01
4.176072000000000117e-01
4.144144000000000161e-01
4.112359999999999904e-01
4.080716999999999817e-01
4.049216999999999955e-01
4.017857000000000234e-01
3.986637000000000097e-01
3.955556000000000072e-01
3.924612000000000100e-01
3.893805000000000183e-01
3.863134999999999764e-01
3.832598999999999867e-01
3.802197999999999967e-01
3.771930000000000005e-01
3.741793999999999953e-01
3.711789999999999812e-01
3.681917000000000106e-01
3.652174000000000254e-01
3.622560000000000224e-01
3.593073999999999990e-01
3.563715000000000077e-01
3.534482999999999930e-01
3.505376000000000047e-01
3.476394999999999902e-01
3.447536999999999963e-01
3.418803000000000258e-01
3.390192000000000205e-01
3.361701999999999746e-01
3.333332999999999990e-01
3.305084999999999829e-01
3.276955999999999758e-01
3.248944999999999750e-01
3.221052999999999833e-01
3.193276999999999921e-01
3.165618000000000043e-01
3.138075000000000170e-01
3.110647000000000273e-01
3.083332999999999768e-01
3.056132999999999766e-01
3.029046000000000238e-01
3.002070000000000016e-01
2.975207000000000268e-01
2.948453999999999797e-01
2.921811000000000269e-01
2.895276999999999989e-01
2.868852000000000069e-01
2.842535999999999952e-01
2.816327000000000136e-01
2.790224000000000038e-01
2.764228000000000240e-01
2.738337000000000132e-01
2.712551000000000267e-01
2.686869000000000063e-01
2.661290000000000044e-01
2.635815000000000241e-01
2.610442000000000040e-01
2.585169999999999968e-01
2.560000000000000053e-01
2.534930000000000239e-01
2.509959999999999969e-01
2.485089000000000048e-01
2.460316999999999921e-01
2.435643999999999865e-01
2.411067000000000071e-01
2.386588000000000043e-01
2.362204999999999999e-01
2.337916999999999912e-01
2.313725000000000087e-01
2.289627999999999941e-01
2.265625000000000000e-01
2.241714999999999958e-01
2.217899000000000120e-01
2.194174999999999875e-01
2.170543000000000056e-01
2.147002000000000077e-01
2.123551999999999940e-01
2.100192999999999921e-01
2.076922999999999964e-01
2.053743000000000096e-01
2.030650999999999984e-01
2.007647999999999933e-01
1.984732999999999914e-01
1.961904999999999899e-01
1.939163000000000137e-01
1.916509000000000129e-01
1.893939000000000039e-01
1.871455999999999953e-01
1.849057000000000062e-01
1.826742000000000088e-01
1.804511000000000032e-01
1.782363999999999893e-01
1.760299999999999920e-01
1.738318000000000085e-01
1.716418000000000110e-01
1.694599999999999995e-01
1.672861999999999960e-01
1.651206000000000063e-01
1.629629999999999967e-01
1.608132999999999924e-01
1.586715999999999960e-01
1.565378000000000047e-01
1.544117999999999880e-01
1.522936000000000012e-01
1.501831999999999889e-01
1.480804000000000009e-01
1.459853999999999874e-01
1.438979999999999981e-01
1.418182000000000054e-01
1.397459000000000062e-01
1.376812000000000036e-01
1.356238999999999917e-01
1.335739999999999983e-01
1.315314999999999956e-01
1.294964000000000115e-01
1.274685999999999875e-01
1.254480000000000040e-01
1.234346999999999944e-01
1.214285999999999976e-01
1.194295999999999969e-01
1.174377000000000060e-01
1.154528999999999972e-01
1.134751999999999983e-01
1.115044000000000035e-01
1.095406000000000019e-01
1.075837999999999933e-01
1.056337999999999999e-01
1.036906999999999968e-01
1.017543999999999949e-01
9.982489999999999419e-02
9.790210000000000579e-02
9.598600000000000187e-02
9.407669999999999921e-02
9.217390000000000305e-02
9.027780000000000526e-02
8.838820000000000010e-02
8.650520000000000431e-02
8.462870000000000115e-02
8.275860000000000161e-02
8.089499999999999469e-02
7.903780000000000527e-02
7.718700000000000561e-02
7.534250000000000669e-02
7.350429999999999464e-02
7.167239999999999722e-02
6.984669999999999768e-02
6.802719999999999601e-02
6.621390000000000609e-02
6.440680000000000016e-02
6.260580000000000311e-02
6.081079999999999819e-02
5.902190000000000214e-02
5.723910000000000109e-02
5.546220000000000316e-02
5.369129999999999736e-02
5.192630000000000162e-02
5.016720000000000207e-02
4.841399999999999870e-02
4.666669999999999846e-02
4.492510000000000253e-02
4.318940000000000279e-02
4.145940000000000042e-02
3.973510000000000236e-02
3.801650000000000168e-02
3.630359999999999837e-02
3.459639999999999938e-02
3.289469999999999894e-02
3.119869999999999935e-02
2.950819999999999832e-02
2.782319999999999932e-02
2.614379999999999829e-02
2.446979999999999988e-02
2.280130000000000004e-02
2.113819999999999935e-02
1.948050000000000129e-02
1.782819999999999891e-02
1.618119999999999975e-02
1.453959999999999975e-02
1.290320000000000009e-02
1.127210000000000018e-02
9.646300000000000013e-03
8.025700000000000195e-03
6.410299999999999852e-03
4.799999999999999580e-03
3.194900000000000084e-03
1.594900000000000007e-03
1.435199999999999974e-03
1.275499999999999941e-03
1.115899999999999965e-03
9.562999999999999886e-04
7.967999999999999606e-04
6.373000000000000409e-04
4.779000000000000153e-04
3.185999999999999921e-04
1.592999999999999961e-04
0.000000000000000000e+00
